     1   2   3   4   5   6   7   8   9   
   -------------------------------------
1  |   | 1 | 1 | 1 | 1 | 1 | 1 |   |   |
   -------------------------------------
2  | 1 | 2 | X | 1 | 1 | X | 2 | 1 | 1 |
   -------------------------------------
3  | 1 | X | 2 | 1 | 1 | 1 | 2 | X | 1 |
   -------------------------------------
4  | 1 | 1 | 1 |   |   |   | 1 | 1 | 1 |
   -------------------------------------
5  |   |   |   |   |   |   | 1 | 2 | 2 |
   -------------------------------------
6  |   | 1 | 1 | 1 |   | 1 | 2 | X | X |
   -------------------------------------
7  |   | 1 | X | 2 | 1 | 1 | X | 3 | 2 |
   -------------------------------------
8  | 1 | 2 | 2 | X | 1 | 1 | 1 | 1 |   |
   -------------------------------------
9  | X | 1 | 1 | 1 | 1 |   |   |   |   |
   -------------------------------------
